10      42.08
20      42.26
30      44.75
40      49.49
50      56.00
60      56.66
70      63.94
80      63.48
90      66.70
100     75.61
110     73.92
120     87.58
130     84.71
140     91.32
150     110.19
160     110.71
170     120.57
180     137.82
190     190.46
200     254.08
210     356.87
220     484.69
230     624.87
240     748.87
250     1198.98
260     1573.98
270     1961.58
280     2334.91
290     2688.70
300     3060.17
310     3421.07
320     3809.61
330     4203.65
340     4591.56
350     4983.98
360     5382.18
370     5762.88
380     6181.55
390     6584.32
400     6949.67
410     7346.90
420     7755.98
430     8086.00
440     8511.05
450     8891.28
460     9328.79
470     9732.96
480     10146.00
